formula,rl_result,rl_branch_count,mf_result,mf_branch_count
"[[1, -2, 3], [-1, 3], [-1, 2, 3], [1, -2]]","[3, 1]",2,"[1, 3]",2
"[[1, 2], [1, -2], [-1, 2], [-1, -2]]",unsatisfiable.,2,unsatisfiable.,6
"[[1, 2], [-1, 3], [-2, -3], [-1, 2], [1, -3]]","[2, -3, -1]",3,"[-1, 2, -3]",8
"[[1], [-1, 2], [3], [1, -2, -3]]","[1, 3, 2]",3,"[1, 2, 3]",3
"[[-1, -2], [2, 3], [-2, -3], [1, 3]]","[3, -2]",2,"[-2, 3]",2
"[[-1, 2, 3], [1, -3], [1, 2], [-2, 3]]","[3, 1]",2,"[1, 2, 3]",3
"[[1, 2, 3], [-1, -3], [1, -2], [-1, 2]]","[-1, 3, -2]",3,"[1, -3, 2]",3
"[[-1, 2], [1, -2, 3], [-1, -3], [1, 2]]","[2, -1, 3]",3,"[1, -3, 2]",3
"[[2], [-1, -2, 3], [1, -3], [2, -3]]","[-3, -1, 2]",3,"[2, 1, 3]",3
"[[-1, 2, -3], [1, -2, 3], [1], [2, 3]]","[1, 2]",2,"[2, 1]",2
"[[1, -3], [2, -3], [-1, -2], [1, 2, 3]]","[-3, -1, 2]",3,"[2, -1, -3]",4
"[[1, -2, -3], [2, 3], [1, 2], [-1, 3]]","[1, 3]",2,"[2, 1, 3]",3
"[[-1, 2], [1, -2], [1, -3], [2, -3]]","[-3, 1, 2]",3,"[2, 1]",2
"[[1, -2], [-1, 2, -3], [1, 3], [2]]","[1, 2]",2,"[1, 2]",2
"[[-1], [2, -3], [1, -2], [-1, 2, 3]]","[-2, -1, -3]",4,"[-2, -3, -1]",7
"[[1, -2, 3], [-1, 2], [1, 3], [-2, -3]]","[3, -1, -2]",3,"[1, 2, -3]",3
"[[1, -3], [-1, 2], [2, 3], [-1, -3]]","[-1, 2, -3]",3,"[-3, 2]",2
"[[1, 2], [1, -2, 3], [-1, -2], [1, 3]]","[1, -2]",2,"[1, -2]",2
"[[1, -2], [-1, -3], [2, -3], [-1, 2]]","[-3, 1, 2]",3,"[2, 1, -3]",3
"[[-1, 2, -3], [-1, -2, 3], [1, -3], [1, 2]]","[2, -1, -3]",3,"[1, 2, 3]",3
"[[-1, 2], [1, -3], [2], [1, -2, 3]]","[1, 2]",2,"[1, 2]",2
"[[1, 2], [-1, -3], [1, 3], [-2, 3]]","[3, 2, -1]",3,"[1, -3, -2]",4
"[[-1], [1, -2], [1, 3], [-1, 2, -3]]","[-1, 3, -2]",3,"[-1, 3, -2]",4
"[[1, 3], [-2, 3], [-1, -2], [1, 2]]","[3, -1, 2]",3,"[1, -2]",2
"[[-1, 2], [1, 3], [-2], [-1, -3]]","[-1, 3, -2]",3,"[-1, 3, -2]",3
"[[1, 2, 3], [-1, -2], [-1, 3], [1, -2]]","[3, -2]",2,"[1, -2, 3]",3
"[[-1, 3], [2, -3], [1, -2], [-1, 2]]","[-1, -3, -2]",3,"[2, 1, 3]",3
"[[1, -2, -3], [2], [-1, 3], [1, -3]]","[-3, -1, 2]",3,"[1, 3, 2]",3
"[[1, -3], [-2, -3], [1, 2], [-1, 2]]","[-3, 2]",2,"[1, 2, -3]",3
"[[1, -2], [-1, 2, 3], [1, -3], [2]]","[1, 2]",2,"[1, 2]",2
"[[1, 3], [-1, -3], [1, -2], [2, -3]]","[-3, 1]",2,"[-3, 1]",2
"[[-1, -2], [1, 2, 3], [-1, 3], [2]]","[3, -1, 2]",3,"[-1, 2]",2
"[[1, -2, 3], [2], [-1, 2], [1, -3]]","[1, 2]",2,"[2, 1]",2
"[[1, 2, -3], [-1, 3], [2, -3], [1, -2]]","[1, 2, 3]",3,"[2, 1, 3]",3
"[[1], [2, -3], [-1, -2, 3], [-1, 3]]","[3, 2, 1]",3,"[3, 2, 1]",3
"[[1, -2], [-1, -3], [2, 3], [-1, 2]]","[2, -3, 1]",3,"[2, 1, -3]",3
"[[-1, 2, -3], [1, 2], [-1, -3], [1, -2]]","[-3, 1]",2,"[1, -3]",2
"[[1, -3], [-1, 2, -3], [1, 2], [-2]]","[-3, 1, -2]",3,"[1, -2, -3]",4
"[[-1, -2], [1, 3], [-2, 3], [1, -2]]","[-2, 3]",2,"[1, -2]",2
"[[1, -3], [-1, 2], [2, 3], [-1, -2]]","[-1, 2, -3]",3,"[2, -1, -3]",4
"[[1, 2, -3], [-1, -3], [1, -2], [2]]","[-3, 1, 2]",3,"[1, -3, 2]",3
"[[-1], [2, -3], [-1, 2], [1, -2, 3]]","[2, 3, -1]",3,"[2, -1, 3]",4
"[[-1, 2, 3], [1, -2], [-1, -3], [2]]","[1, 2, -3]",4,"[1, 2, -3]",6
"[[1, -3], [2], [-1, -2], [1, 2, 3]]","[-1, 2, -3]",4,"[2, -1, -3]",4
"[[1, 2], [-1], [1, -3], [2, -3]]","[-3, 2, -1]",3,"[-1, 2, -3]",4
"[[-1, 3], [1, -2, 3], [-2], [1, 2]]","[3, 1, -2]",3,"[1, 3, -2]",3
"[[1, 2, -3], [1, -2], [-1, 2], [-2, 3]]","[1, 3, 2]",3,"[2, 3, 1]",3
"[[1, -2], [-1, 2, 3], [-1, -2], [1, 3]]","[3, -2]",2,"[1, -2, 3]",4
"[[-1], [2], [-3], [1, -2, 3]]",unsatisfiable.,4,unsatisfiable.,6
"[[1, -3], [2, -3], [1, -2], [-1, 2]]","[-3, 1, 2]",3,"[2, 1]",2
"[[1, 2, 3], [1, -2, -3], [2, -3], [-1]]","[-3, 2, -1]",3,"[2, -1, -3]",4
"[[1, 3], [-1, 2, -3], [-2, 3], [1, -2]]","[3, 1, 2]",3,"[-2, 1, -3]",3
"[[1, -2], [2, 3], [-1, 2], [-1, -3]]","[2, -3, 1]",3,"[2, 1, -3]",3
"[[1, 2, -3], [-1, -2, 3], [-1, -3], [2]]","[-3, -1, 2]",3,"[-1, 2]",2
"[[1, -2, 3], [1, -3], [2], [-1, -2]]",unsatisfiable.,4,unsatisfiable.,6
"[[-1, -2], [1, -3], [2, -3], [1, 2]]","[-3, -1, 2]",3,"[2, -1, -3]",4
"[[1], [2, 3], [-1, -2, 3], [1, -3]]","[1, 3]",2,"[3, 1]",2
"[[1, -2, 3], [-1, -3], [2, 3], [1, -2]]","[3, -2, -1]",3,"[-2, 3, -1]",3
"[[1, 2], [1, -3], [-1, -2], [2, -3]]","[-3, -1, 2]",3,"[2, -1, -3]",4
"[[-1, 2], [-1, 3], [1, -2, -3], [2]]","[-1, -3, 2]",3,"[-1, 2, -3]",3
"[[-1, -2, 3], [1, 2, -3], [1, 3], [-2]]","[3, 1, -2]",3,"[1, -2]",2
"[[1, 2, 3], [-1, -2, -3], [2, -3], [1]]","[-3, 1]",2,"[2, 1, -3]",3
"[[-1, -2], [1, 3], [-2, 3], [-1, 2]]","[3, -1]",2,"[-2, -1, 3]",4
"[[1, -3], [2, -3], [1, 2], [-1, -2]]","[-3, -1, 2]",3,"[2, -1, -3]",4
"[[1], [2, -3], [-1, 2], [-1, -2, 3]]","[2, 3, 1]",3,"[2, 1, 3]",3
"[[1, -2], [2], [-1, 3], [1, 2, -3]]","[2, 3, 1]",3,"[2, 1, 3]",3
"[[-1, 2], [-1, -2, 3], [1, 3], [2]]","[3, 2]",2,"[-1, 3, 2]",3
"[[1, 2, 3], [1, -3], [-1, 2], [-2]]",unsatisfiable.,4,unsatisfiable.,8
"[[-1, -2], [1, -3], [2, 3], [-1, 2]]","[-1, 2, -3]",3,"[2, -1, -3]",4
"[[1, 2], [-1, 3], [-2, -3], [1, -2]]","[-2, 3, 1]",3,"[1, 3, -2]",3
"[[1, 3], [-1, 2], [-2, 3], [1, -2]]","[3, 1, 2]",3,"[-2, -1, 3]",4
"[[1, -2, -3], [2], [-1], [1, 3]]",unsatisfiable.,4,unsatisfiable.,6
"[[-1, 2], [-1, -3], [1, -2], [2, 3]]","[2, -3, 1]",3,"[2, 1, -3]",3
"[[1, -3], [2, -3], [1, 2], [-1]]","[-3, 2, -1]",3,"[-1, 2, -3]",4
"[[1, 2], [1, -3], [-1, -2], [-2, 3]]","[1, -2]",2,"[-2, 1]",2
"[[-1, 2], [1, -2, 3], [-1, -3], [2]]","[2, -1, 3]",3,"[-1, 2, 3]",3
"[[1, 2, 3], [-1, -2], [2, -3], [1, -3]]","[-3, -1, 2]",3,"[2, -1, -3]",4
"[[1, -2, -3], [2], [1, 3], [-1]]",unsatisfiable.,4,unsatisfiable.,6
"[[-1, 2], [1, -2, -3], [1, 3], [2]]","[1, 2]",2,"[1, 2]",2
"[[1, -3], [-2, -3], [-1, 2], [1, 2]]","[-3, 2]",2,"[1, 2, -3]",3
"[[1, 3], [-1, -3], [1, -2], [-2, 3]]","[-2, -1, 3]",3,"[3, -1, -2]",4
"[[-1, -2], [1, 2, 3], [2], [-1, 3]]","[3, -1, 2]",3,"[-1, 2]",2
"[[1, -2, 3], [2], [-1, 2], [-2, -3]]","[2, 1, -3]",4,"[2, -3, 1]",4
"[[1, -3], [2, -3], [-1, -2], [1, 2]]","[-3, -1, 2]",3,"[2, -1, -3]",4
"[[1, -2], [-1, 3], [-2, -3], [1]]","[-2, 3, 1]",3,"[1, 3, -2]",3
"[[1, 2], [-1, -2], [3], [-1, 2]]","[3, -1, 2]",3,"[-1, 2, 3]",3
"[[1, -3], [2, -3], [-1, 2], [1, 3]]","[1, 2]",2,"[-3, 1, 2]",3
"[[-1, 2], [1, 3], [-2, -3], [-1, -3]]","[-3, 2, 1]",3,"[-1, 3, -2]",3
"[[1, -2], [1, 2], [-1, 3], [-2]]","[3, 1, -2]",3,"[1, 3, -2]",3
"[[-1, 2, 3], [1, -3], [-1, -2], [2]]","[-1, -3, 2]",3,"[-1, 2, -3]",3
"[[1, -2, 3], [-1, -2, -3], [1, 3], [-2]]","[-2, 3]",2,"[1, -2]",2
"[[1, -3], [-1, 2], [-2, 3], [1, 2]]","[1, 3, 2]",3,"[2, 3, 1]",3
"[[-1, 2], [-1, -3], [1, -2], [2]]","[-3, 2, 1]",3,"[1, 2, -3]",6
"[[1, 2, 3], [-1, -2], [-1, 3], [1, -3]]","[3, -2, 1]",3,"[1, 3, -2]",3
"[[1, -3], [2, 3], [-1], [1, -2]]",unsatisfiable.,4,unsatisfiable.,6
"[[-1, 2, 3], [1, -3], [1, -2], [2]]","[1, 2]",2,"[1, 2]",2
"[[1, 2, -3], [-1, 3], [1, -2], [2]]","[2, 3, 1]",3,"[1, 3, 2]",3
"[[1, -2], [-1], [1, 3], [-1, 2]]","[3, -1, -2]",3,"[-1, -2, 3]",4
"[[-1, 2], [-1, -3], [2, 3], [1]]","[2, -3, 1]",3,"[1, 2, -3]",4
"[[1, -3], [2, -3], [-1, 2], [-1]]","[-3, -1]",2,"[-1, -3]",2
"[[-1, 2, -3], [1, -2], [2], [1, 3]]","[2, 1]",2,"[1, 2]",2
"[[1, 2], [-1], [1, 3], [2, -3]]","[2, 3, -1]",3,"[-1, 2, 3]",4
"[[-1, 3], [1, -2, 3], [-2], [-1, 2]]","[3, -1, -2]",3,"[-1, -2]",2
"[[-1, 2], [-1, -2, 3], [1], [2, 3]]","[3, 2, 1]",3,"[1, 2, 3]",4
"[[1, 2, 3], [1, -3], [-1, -2], [-2]]","[1, -2]",2,"[1, -2]",2
"[[-1, -2], [1, -3], [2], [1, 2]]","[-3, 2, -1]",3,"[-1, 2, -3]",6
"[[1, 2], [-1, 3], [-2], [1, -2]]","[1, 3, -2]",3,"[1, 3, -2]",3
"[[1, -2, -3], [2], [-1, 3], [1]]","[1, 3, 2]",3,"[1, 2, 3]",3
"[[1, 2], [-1, -2], [3], [-1, 2], [-3, -1]]","[-1, 3, 2]",3,"[-1, 2, 3]",3
"[[1, -3], [2, -3], [-1, 2], [1, 3], [-1, -2], [2]]",unsatisfiable.,4,unsatisfiable.,6
"[[-1, 2], [1, 3], [-2, -3], [-1, -3], [1], [-2]]",unsatisfiable.,2,unsatisfiable.,4
"[[1, -2], [1, 2], [-1, 3], [-2], [1, -3], [-1, 2]]",unsatisfiable.,2,unsatisfiable.,6
"[[-1, 2, 3], [1, -3], [-1, -2], [2], [1, -2], [3]]",unsatisfiable.,2,unsatisfiable.,4
"[[1, -3], [-1, 2], [-2, 3], [1, 2], [-1, -3], [2, -1]]",unsatisfiable.,4,unsatisfiable.,10
"[[1, 2, 3], [-1, -2], [-1, 3], [1, -3], [2, -1], [-2, -3]]","[-1, -3, 2]",3,"[-1, -3, 2]",3
"[[-1, -2], [1, 3], [-2, -3], [-1, 2], [1, -2], [-3]]",unsatisfiable.,4,unsatisfiable.,6
"[[1, -3], [2, 3], [-1], [1, -2], [2, -1], [3, -2]]",unsatisfiable.,4,unsatisfiable.,8
"[[-1, 2, 3], [1, -3], [1, -2], [2], [-2, -3], [3, 1]]","[1, 2, -3]",3,"[2, -3, 1]",3
"[[1, 2, -3], [-1, 3], [1, -2], [2], [-1, -2], [3]]",unsatisfiable.,2,unsatisfiable.,6
"[[-1, 2], [-1, -3], [2, 3], [1], [1, -2], [-2]]",unsatisfiable.,2,unsatisfiable.,4
"[[1, -3], [2, -3], [-1, 2], [-1], [1, 2], [3, -1]]","[-1, -3, 2]",3,"[-1, 2, -3]",3
"[[-1, 2, -3], [1, -2], [2], [1, 3], [-1, -2], [-3, 2]]",unsatisfiable.,2,unsatisfiable.,4
"[[1, -2, 3], [2], [-1, 2], [1, -3], [3, -1], [-2, -3]]",unsatisfiable.,6,unsatisfiable.,6
"[[-1, 3], [1, -2, 3], [-2], [-1, 2], [2, -3], [3, 1]]",unsatisfiable.,2,unsatisfiable.,6
"[[1, 2, -3], [-1, 2], [1, -2], [-2], [3, -1], [-3]]","[-1, -3, -2]",3,"[-1, -2, -3]",6
"[[-1, 2], [-1, -2, 3], [1], [2, 3], [3, -1], [-2, -3]]",unsatisfiable.,4,unsatisfiable.,8
"[[1, 2, 3], [1, -3], [-1, -2], [-2], [3, -1], [2, -3]]",unsatisfiable.,4,unsatisfiable.,8
"[[-1, -2], [1, -3], [2], [1, 2], [3], [-2, -3]]",unsatisfiable.,2,unsatisfiable.,4
"[[1, 2], [-1, 3], [-2], [1, -2], [2, -3], [-1, -2]]",unsatisfiable.,4,unsatisfiable.,6
"[[1, 3], [-1, 2], [-2, 3], [1, -2], [-1, -3], [2, 1]]",unsatisfiable.,4,unsatisfiable.,8
"[[1, -2, -3], [2], [-1, 3], [1], [-2, 1], [3, -1]]","[1, 3, 2]",3,"[1, 3, 2]",3
"[[1, 2], [-1, -2], [3], [-1, 2], [-3, -1], [1, -3], [2, -3]]",unsatisfiable.,2,unsatisfiable.,6
"[[1, -3], [2, -3], [-1, 2], [1, 3], [-1, -2], [2], [-2, 3], [1, -2]]",unsatisfiable.,4,unsatisfiable.,4
"[[-1, 2], [1, 3], [-2, -3], [-1, -3], [1], [-2], [2, 3], [-1, 2], [1, -2]]",unsatisfiable.,2,unsatisfiable.,4
"[[1, -2], [1, 2], [-1, 3], [-2], [1, -3], [-1, 2], [-3, 1], [2, -3], [-1]]",unsatisfiable.,4,unsatisfiable.,4
"[[-1, 2, 3], [1, -3], [-1, -2], [2], [1, -2], [3], [-2, -3], [1, 3], [-1, 1]]",unsatisfiable.,0,unsatisfiable.,0
"[[1, -2, 3], [-1, -2, -3], [1, 3], [-2], [2, -3], [-1, 3], [1], [-1, 2], [3]]",unsatisfiable.,2,unsatisfiable.,4
"[[1, -3], [-1, 2], [-2, 3], [1, 2], [-1, -3], [2, -1], [-3, -2], [1, -2], [-2, 1]]",unsatisfiable.,4,unsatisfiable.,6
"[[1, 2, 3], [-1, -2], [-1, 3], [1, -3], [2, -1], [-2, -3], [1, 2], [3, 1], [-1, -3]]",unsatisfiable.,4,unsatisfiable.,6
"[[1, -3], [2, 3], [-1], [1, -2], [2, -1], [3, -2], [-2, 3], [1, 2], [-1, -2]]",unsatisfiable.,2,unsatisfiable.,6
"[[-1, 2, 3], [1, -3], [1, -2], [2], [-2, -3], [3, 1], [-1, 1], [1, 3], [2, -1]]",unsatisfiable.,0,unsatisfiable.,0
"[[1, 2, -3], [-1, 3], [1, -2], [2], [-1, -2], [3], [2, -3], [-3, 1], [1, 2]]",unsatisfiable.,2,unsatisfiable.,6
"[[1, -2], [-1], [1, 3], [-1, 2], [-2, 3], [1, -3], [2, -1], [-1, 1], [3]]",unsatisfiable.,0,unsatisfiable.,0
"[[-1, 2], [-1, -3], [2, 3], [1], [1, -2], [-2], [3, 1], [2, -3], [-1, -2]]",unsatisfiable.,2,unsatisfiable.,4
"[[1, -3], [2, -3], [-1, 2], [-1], [1, 2], [3, -1], [2, 1], [-3, 2], [1, -2]]",unsatisfiable.,2,unsatisfiable.,4
"[[-1, 2, -3], [1, -2], [2], [1, 3], [-1, -2], [-3, 2], [2, -1], [1, 2], [-1, 3]]",unsatisfiable.,2,unsatisfiable.,4
"[[1, 3], [-1, 2], [2, -3], [-1, -2], [-2, 1], [1, 2], [3, -1], [-1, -3], [2, 3]]",unsatisfiable.,2,unsatisfiable.,6
"[[1, -2, 3], [2], [-1, 2], [1, -3], [3, -1], [-2, -3], [2, 3], [-1, 3], [1]]",unsatisfiable.,4,unsatisfiable.,6
"[[1, 2], [-1], [1, 3], [2, -3], [-2, 1], [-1, -2], [3, -1], [-2, 3], [1, -2]]",unsatisfiable.,2,unsatisfiable.,4
"[[-1, 3], [1, -2, 3], [-2], [-1, 2], [2, -3], [3, 1], [1, -3], [-1, 1], [2]]",unsatisfiable.,0,unsatisfiable.,0
"[[1, 2, -3], [-1, 2], [1, -2], [-2], [3, -1], [-3], [2, 3], [1, 3], [-1, -2]]",unsatisfiable.,2,unsatisfiable.,6
"[[1, 2, 3], [1, -3], [-1, -2], [-2], [3, -1], [2, -3], [1, 2], [-1, 3], [2, 1]]",unsatisfiable.,4,unsatisfiable.,8
"[[-1, -2], [1, -3], [2], [1, 2], [3], [-2, -3], [1, 3], [-1, 2], [2, -1]]",unsatisfiable.,2,unsatisfiable.,6
"[[1, 2], [-1, 3], [-2], [1, -2], [2, -3], [-1, -2], [3, -1], [1, 3], [-2, 1]]",unsatisfiable.,4,unsatisfiable.,8
"[[1, 3], [-1, 2], [-2, 3], [1, -2], [-1, -3], [2, 1], [3, -2], [1, 2], [-2, -1]]",unsatisfiable.,6,unsatisfiable.,6
"[[1, -2, -3], [2], [-1, 3], [1], [-2, 1], [3, -1], [1, 2], [-3, 2], [-1, -2]]",unsatisfiable.,4,unsatisfiable.,4
"[[1, 2, -3], [-1, -2, 3], [2, 1], [-1, 3], [1, -2], [3], [2, -3], [-1, 2], [1, 3]]","[3, 2, 1]",3,"[1, 3, 2]",3
"[[1, -2], [-1, 3], [-2, -3], [1], [-3, 1], [2, -3], [1, 3], [-1, -2], [1, -2], [-1], [2]]",unsatisfiable.,0,unsatisfiable.,0
"[[1, 2], [-1, -2], [3], [-1, 2], [-3, -1], [1, -3], [2, -3], [-2, 1], [1, 2], [-1, -3], [-2, 3]]",unsatisfiable.,2,unsatisfiable.,6
"[[1, -3], [2, -3], [-1, 2], [1, 3], [-1, -2], [2], [-2, 3], [1, -2], [-1], [2, -1], [3, -2]]",unsatisfiable.,2,unsatisfiable.,4
"[[-1, 2], [1, 3], [-2, -3], [-1, -3], [1], [-2], [2, 3], [-1, 2], [1, -2], [2, -1], [-2, -1]]",unsatisfiable.,2,unsatisfiable.,4
"[[1, -2], [1, 2], [-1, 3], [-2], [1, -3], [-1, 2], [-3, 1], [2, -3], [-1], [-2, 1], [3]]",unsatisfiable.,2,unsatisfiable.,4
"[[-1, 2, 3], [1, -3], [-1, -2], [2], [1, -2], [3], [-2, -3], [1, 3], [-1, 1], [-3, 2], [2, -1]]",unsatisfiable.,0,unsatisfiable.,0
"[[1, -2, 3], [-1, -2, -3], [1, 3], [-2], [2, -3], [-1, 3], [1], [-1, 2], [3], [-2, 1], [1, -1]]",unsatisfiable.,0,unsatisfiable.,0
"[[1, -3], [-1, 2], [-2, 3], [1, 2], [-1, -3], [2, -1], [-3, -2], [1, -2], [-2, 1], [3, 1], [-1, 1]]",unsatisfiable.,0,unsatisfiable.,0
"[[-1, 2], [-1, -3], [1, -2], [2], [1, 2, -3], [-2, 3], [1, 3], [-1, -2], [3], [2, 1], [-1, 1]]",unsatisfiable.,0,unsatisfiable.,0
"[[1, 2, 3], [-1, -2], [-1, 3], [1, -3], [2, -1], [-2, -3], [1, 2], [3, 1], [-1, -3], [2, -2], [1, -1]]",unsatisfiable.,0,unsatisfiable.,0
"[[-1, -2], [1, 3], [-2, -3], [-1, 2], [1, -2], [-3], [2, 3], [-1, 1], [1, -3], [2, -1], [-3, 1]]",unsatisfiable.,0,unsatisfiable.,0
"[[1, -3], [2, 3], [-1], [1, -2], [2, -1], [3, -2], [-2, 3], [1, 2], [-1, -2], [3, 1], [-2, 1]]",unsatisfiable.,2,unsatisfiable.,6
"[[-1, 2, 3], [1, -3], [1, -2], [2], [-2, -3], [3, 1], [-1, 1], [1, 3], [2, -1], [3, -2], [1, 1]]",unsatisfiable.,0,unsatisfiable.,0
"[[1, 2, -3], [-1, 3], [1, -2], [2], [-1, -2], [3], [2, -3], [-3, 1], [1, 2], [2, 1], [-2, -1]]",unsatisfiable.,2,unsatisfiable.,6
"[[1, -2], [-1], [1, 3], [-1, 2], [-2, 3], [1, -3], [2, -1], [-1, 1], [3], [2, 1], [-2, -1]]",unsatisfiable.,0,unsatisfiable.,0
"[[-1, 2], [-1, -3], [2, 3], [1], [1, -2], [-2], [3, 1], [2, -3], [-1, -2], [2, 1], [-3, 2]]",unsatisfiable.,2,unsatisfiable.,4
"[[1, -3], [2, -3], [-1, 2], [-1], [1, 2], [3, -1], [2, 1], [-3, 2], [1, -2], [-1, 1], [2, -2]]",unsatisfiable.,0,unsatisfiable.,0
"[[-1, 2, -3], [1, -2], [2], [1, 3], [-1, -2], [-3, 2], [2, -1], [1, 2], [-1, 3], [2, 1], [-3, 1]]",unsatisfiable.,2,unsatisfiable.,6
"[[1, 3], [-1, 2], [2, -3], [-1, -2], [-2, 1], [1, 2], [3, -1], [-1, -3], [2, 3], [1, -1], [-2, -1]]",unsatisfiable.,0,unsatisfiable.,0
"[[1, -2, 3], [2], [-1, 2], [1, -3], [3, -1], [-2, -3], [2, 3], [-1, 3], [1], [3, 2], [-2, 1]]",unsatisfiable.,2,unsatisfiable.,6
"[[1, 2], [-1], [1, 3], [2, -3], [-2, 1], [-1, -2], [3, -1], [-2, 3], [1, -2], [2, 1], [-1, 1]]",unsatisfiable.,0,unsatisfiable.,0
"[[-1, 3], [1, -2, 3], [-2], [-1, 2], [2, -3], [3, 1], [1, -3], [-1, 1], [2], [3, -2], [-2, 1]]",unsatisfiable.,0,unsatisfiable.,0
"[[1, -2, 3], [-1, 3], [-1, 2, 3], [1, -2]]","[3, 1]",2,"[1, 3]",2
"[[1, 2], [1, -2], [-1, 2], [-1, -2]]",unsatisfiable.,2,unsatisfiable.,6
"[[1,2],[-1,3],[-2,-3],[-1,2],[1,-3]]","[2, -3, -1]",3,"[-1, 2, -3]",8
"[[-1, 2], [1, -3], [-1, -2], [2, 3]]","[-1, 2, -3]",3,"[2, -1, -3]",4
"[[1, 2], [-1, -3], [1, -2], [2, 3]]","[1, 2, -3]",3,"[2, 1, -3]",3
"[[1, -2], [-1], [1, 3], [-1, 2], [-2, 3], [1, -3]]",unsatisfiable.,2,unsatisfiable.,4
"[[-1, 2], [-1, -3], [1, -2], [2], [1, 2, -3], [-2, 3], [1, 3], [-1, -2], [3]]",unsatisfiable.,2,unsatisfiable.,6
"[[-1, 2], [-1, -2, 3], [1], [2, 3], [3, -1], [-2, -3], [1, 2], [-1, 1], [2, -1]]",unsatisfiable.,0,unsatisfiable.,0
