formula,rl_result,rl_branch_count,mf_result,mf_branch_count
"[[1, -2, -3], [1, 2, 3], [-1, 3, 4]]","[3, 1]",2,"[1, 3]",2
"[[-1, -2], [1, -3], [2, -3], [1, 2]]",skiped,2,"[2, -1, -3]",4
"[[1, 2], [-1, -2], [3], [-1, 2], [-3, -1], [1, -3], [2, -3]]",unsatisfiable.,2,unsatisfiable.,6
"[[1, -3], [2, -3], [-1, 2], [-1], [1, 2], [3, -1], [2, 1], [-3, 2], [1, -2], [-1, 1], [2, -2]]",unsatisfiable.,0,unsatisfiable.,0
"[[1, 2, -3], [1, -2], [-1, 2], [-2, 3]]","[1, 2, 3]",3,"[2, 3, 1]",3
"[[1, -3], [2, -3], [-1, 2], [1, 3], [-1, -2], [2], [-2, 3], [1, -2]]",unsatisfiable.,4,unsatisfiable.,4
"[[-1, 2], [-1, -3], [1, -2], [2]]",skiped,3,"[1, 2, -3]",6
"[[1, -2, 3], [-1, 2, 4], [3, -4, 5], [-5]]","[-5, 3, -1]",4,"[-5, 3, -1]",4
"[[-1, 2], [1, -2, 3], [-1, -3], [1, 2]]","[2, 3, -1]",4,"[1, -3, 2]",3
"[[1, -3], [-1, 2], [-2, 3], [1, 2], [-1, -3], [2, -1], [-3, -2], [1, -2], [-2, 1], [3, 1], [-1, 1]]",unsatisfiable.,0,unsatisfiable.,0
"[[1, -3], [2, -3], [1, 2], [-1, -2]]",skiped,2,"[2, -1, -3]",4
"[[1, -3], [-2, -3], [1, 2], [-1, 2]]",skiped,2,"[1, 2, -3]",3
"[[1, -3], [2, -3], [-1, 2], [-1], [1, 2], [3, -1], [2, 1], [-3, 2], [1, -2]]",unsatisfiable.,2,unsatisfiable.,4
"[[1, 2, -3], [-1, 3], [2, -3], [1, -2]]",skiped,3,"[2, 1, 3]",3
"[[-1, 2, -3], [1, -2], [2], [1, 3], [-1, -2], [-3, 2]]",unsatisfiable.,2,unsatisfiable.,4
"[[1, -3], [2, -3], [-1, 2], [-1]]","[-1, -3]",3,"[-1, -3]",2
"[[-1, 2], [-1, 3], [1, -2, -3], [2]]",skiped,2,"[-1, 2, -3]",3
"[[1, -3], [2, 3], [-1], [1, -2], [2, -1], [3, -2], [-2, 3], [1, 2], [-1, -2], [3, 1], [-2, 1]]",unsatisfiable.,2,unsatisfiable.,6
"[[1, 2], [-1, 3], [-2], [1, -2], [2, -3], [-1, -2]]",unsatisfiable.,4,unsatisfiable.,6
"[[-1, 2, -3], [1, 3], [-2, 4, 5]]","[-1, 3, 5]",3,"[1, 2, 4]",3
"[[1, -2, 3], [-1, 2, -3, 4], [-4, 5]]",skiped,2,"[4, 5, 1]",3
"[[-1], [2], [-3], [1, -2, 3]]",unsatisfiable.,4,unsatisfiable.,6
"[[1, 2, 3], [-1, -2, -3], [4, -4]]",unsatisfiable.,0,unsatisfiable.,0
"[[1, 3], [-1, 2], [2, -3], [-1, -2], [-2, 1], [1, 2], [3, -1], [-1, -3], [2, 3]]",unsatisfiable.,2,unsatisfiable.,6
"[[1, -2], [1, 2], [-1, 3], [-2], [1, -3], [-1, 2], [-3, 1], [2, -3], [-1], [-2, 1], [3]]",unsatisfiable.,2,unsatisfiable.,4
"[[1], [2, -3], [-1, -2, 3], [-1, 3]]",skiped,4,"[3, 2, 1]",3
"[[1, -2, 3], [-1, 3], [-1, 2, 3], [1, -2]]",skiped,2,"[1, 3]",2
"[[1, 2], [-1, -2], [3, 4], [-3, -4, -5]]","[-4, -2, 1, 3]",4,"[1, 3, -4, -2]",4
"[[1, -2], [-1, -3], [2, -3], [-1, 2]]",skiped,2,"[2, 1, -3]",3
"[[1, 2], [-1, -3], [1, -2], [2, 3]]","[2, 1, -3]",6,"[2, 1, -3]",3
"[[1, 2, 3], [-1, -2, -3], [4, -4, 5], [-5, 1], [-2, 4]]",unsatisfiable.,0,unsatisfiable.,0
"[[1, 2, -3], [-1, -2, 3], [-1, -3], [2]]","[3, 2, -1]",4,"[-1, 2]",2
"[[-1, 2, 3], [1, -3], [1, -2], [2], [-2, -3], [3, 1], [-1, 1], [1, 3], [2, -1]]",unsatisfiable.,0,unsatisfiable.,0
"[[-1, 2], [1, -2], [-3, 4], [3, -4, 5]]",skiped,3,"[3, 1, 2, 4]",4
"[[-1, 2], [-1, -2, 3], [1], [2, 3]]",skiped,2,"[1, 2, 3]",4
"[[1, -2, 3], [-1, 2, 4], [3, -4, 5], [-5], [2, -3]]",skiped,5,"[2, -5, 3]",4
"[[-1, 2], [-1, -2, 3], [1], [2, 3], [3, -1], [-2, -3], [1, 2], [-1, 1], [2, -1]]",unsatisfiable.,0,unsatisfiable.,0
"[[1, -2, 3], [2, -3, 4], [-1, -4, 5]]","[-3, 1, -4]",3,"[2, 1, -4]",3
"[[1, -2], [1, 2], [-1, 3], [-2]]",skiped,2,"[1, 3, -2]",3
"[[1, 2, -3, 4], [-1, 2, -4], [3, -5], [-2, 5], [4, -1]]","[-2, -1, 4, 3]",5,"[-1, 3, 2, 5]",4
"[[-1, -2, -3], [1, 3], [2, -3, 4], [-4, 5]]",skiped,6,"[-3, -4, 1]",3
"[[-1], [1, -2], [1, 3], [-1, 2, -3]]",skiped,3,"[-1, 3, -2]",4
"[[1, -3], [2, -3], [-1, 2], [1, 3], [-1, -2], [2]]",unsatisfiable.,4,unsatisfiable.,6
"[[1, -2, 3], [2], [-1, 2], [1, -3], [3, -1], [-2, -3], [2, 3], [-1, 3], [1], [3, 2], [-2, 1]]",unsatisfiable.,2,unsatisfiable.,6
"[[1, 2, -3], [-1, -2, 3], [2, 1], [-1, 3], [1, -2], [3], [2, -3], [-1, 2], [1, 3]]",skiped,4,"[1, 3, 2]",3
"[[-1, 2, 3], [1, -2], [-1, -3], [2]]",skiped,4,"[1, 2, -3]",6
"[[1, 2], [-1, -2], [3, -3, 4]]",unsatisfiable.,0,unsatisfiable.,0
"[[1, -2, 3], [2, -3, 4], [-1, -4, 5], [1, 5], [-2, -5]]",skiped,3,"[-2, 1, 4, 5]",4
"[[1, -3], [-1, 2, -3], [1, 2], [-2]]",skiped,2,"[1, -2, -3]",4
"[[1, 2, -3], [1, -2, 3], [-1, 3]]",skiped,3,"[1, 3]",2
"[[-1, 2], [1, -3], [-1, -2], [2, 3]]","[-3, 2, -1]",6,"[2, -1, -3]",4
"[[1, -3], [2, -3], [-1, 2], [1, 3]]",skiped,2,"[-3, 1, 2]",3
"[[1, -1], [2, -2], [3, -3], [4, -4], [5, -5], [1, -5], [-1, 5]]",unsatisfiable.,0,unsatisfiable.,0
"[[-1, 2, -3], [1, -2, 3], [2, 3, -1]]",skiped,1,"[-1, -2]",2
"[[1, -2, -3], [2], [-1, 3], [1], [-2, 1], [3, -1]]","[3, 2, 1]",3,"[1, 3, 2]",3
"[[1, -2, -3], [2], [-1, 3], [1]]","[3, 2, 1]",5,"[1, 2, 3]",3
"[[1, -3], [2, -3], [1, -2], [-1, 2]]",skiped,2,"[2, 1]",2
"[[1, 2, -3], [-1, 3], [1, -2], [2], [-1, -2], [3], [2, -3], [-3, 1], [1, 2]]",unsatisfiable.,4,unsatisfiable.,6
"[[1, 2, 3], [-1, -3], [1, -2], [-1, 2]]",skiped,2,"[1, -3, 2]",3
"[[1, -1], [2, -2], [3, 4], [-3, -4]]",unsatisfiable.,0,unsatisfiable.,0
"[[1, -2], [2, -1], [3, -3, 4], [3, -4, 5]]",unsatisfiable.,0,unsatisfiable.,0
"[[-1, -2], [1, -3], [2], [1, 2], [3], [-2, -3], [1, 3], [-1, 2], [2, -1]]",unsatisfiable.,2,unsatisfiable.,6
"[[1, 2, 3], [-1, -2, 4], [-3, 4, 5]]",skiped,3,"[1, 4]",2
"[[1, -3], [-2, -3], [-1, 2], [1, 2]]",skiped,2,"[1, 2, -3]",3
"[[-1, 2], [1, -2, 3], [-3, -4, -5]]",skiped,2,"[1, 2, -3]",3
"[[1, -2], [2], [-1, 3], [1, 2, -3]]",skiped,3,"[2, 1, 3]",3
"[[1, 2, -3], [-1, 2], [1, -2], [-2], [3, -1], [-3], [2, 3], [1, 3], [-1, -2]]",unsatisfiable.,2,unsatisfiable.,6
"[[-1, 2], [1, -2, 3], [-1, -3], [2]]","[-1, 2, 3]",3,"[-1, 2, 3]",3
"[[-1, 2], [-2, 1]]",skiped,0,"[2, 1]",2
"[[1, 2], [-1, -2, 3], [2, -3, 4]]","[3, -2, 4, 1]",4,"[2, -1]",2
"[[1, -2], [-1], [1, 3], [-1, 2], [-2, 3], [1, -3], [2, -1], [-1, 1], [3]]",unsatisfiable.,0,unsatisfiable.,0
"[[-1, 2], [1, -3], [2], [1, -2, 3]]",skiped,4,"[1, 2]",2
"[[1, -2], [-1], [1, 3], [-1, 2], [-2, 3], [1, -3], [2, -1], [-1, 1], [3], [2, 1], [-2, -1]]",unsatisfiable.,0,unsatisfiable.,0
"[[1, 2, -3], [1, -2, 3], [-1, -3, 4], [2, -4]]","[-1, 2, 3]",3,"[1, 4, 2]",3
"[[1, -2, 3], [-1, -2, -3], [1, 3], [-2], [2, -3], [-1, 3], [1], [-1, 2], [3], [-2, 1], [1, -1]]",unsatisfiable.,0,unsatisfiable.,0
"[[-1, 2, -3], [1, 3], [-2, 4, 5], [3, -1], [5, -4]]","[5, -2, 3, -1]",5,"[3, 2, 4, 5]",4
"[[1, 2, -3], [-1, 3], [-2, 4]]",skiped,2,"[1, 3, -2]",3
"[[-1, 3], [2, -3], [1, -2], [-1, 2]]",skiped,2,"[2, 1, 3]",3
"[[1, -2], [-1, 2, -3], [1, 3], [2]]",skiped,3,"[1, 2]",2
"[[1, -3], [2, -3], [-1, -2], [1, 2, 3]]",skiped,2,"[2, -1, -3]",4
"[[1, -1], [2, -2], [3, -3], [4, -4], [5, -5]]",unsatisfiable.,0,unsatisfiable.,0
"[[1, 2], [-1, 3], [-2, -3], [1, -2]]","[1, -2, 3]",4,"[1, 3, -2]",3
"[[1, 2, 3], [-1, -2, -3], [2, -3], [1]]","[-3, -2, 1]",3,"[2, 1, -3]",3
"[[-1, 3], [1, -2, 3], [-2], [-1, 2], [2, -3], [3, 1], [1, -3], [-1, 1], [2], [3, -2], [-2, 1]]",unsatisfiable.,0,unsatisfiable.,0
"[[1, -3], [2], [-1, -2], [1, 2, 3]]","[2, -1, -3]",5,"[2, -1, -3]",4
"[[1, 2], [-1, -2], [3, 4], [-3, -4, -5], [2, -1, 5], [-2, -5]]",skiped,4,"[2, -5, -1, 3]",4
"[[1, -2], [1, 2], [-1, 3], [-2], [1, -3], [-1, 2], [-3, 1], [2, -3], [-1]]",unsatisfiable.,4,unsatisfiable.,4
"[[1, 2], [-1, 3], [-2], [1, -2]]",skiped,2,"[1, 3, -2]",3
"[[1, -3], [2, -3], [-1, -2], [1, 2]]",skiped,2,"[2, -1, -3]",4
"[[-1, 2], [-1, -3], [2, 3], [1], [1, -2], [-2]]",unsatisfiable.,2,unsatisfiable.,4
"[[1, -3], [2, -3], [1, 2], [-1]]","[-1, 2, -3]",5,"[-1, 2, -3]",4
"[[1, 2, 3], [-1, -2], [-1, 3], [1, -3], [2, -1], [-2, -3]]",skiped,3,"[-1, -3, 2]",3
"[[-1, 2], [1, 3], [-2, -3], [-1, -3], [1], [-2]]",unsatisfiable.,2,unsatisfiable.,4
"[[1, 2, 3], [-1, 4], [2, -3, 5], [-2, 3], [-4, 5]]","[5, 3, -1]",3,"[2, 4, 5, 3]",4
"[[1, -2, -3], [2], [1, 3], [-1]]",unsatisfiable.,4,unsatisfiable.,6
"[[1, 2], [-1, 2, 3], [-2, 3, 4]]","[3, 1]",2,"[2, 3]",2
"[[-1, 2, 3], [1, -2], [2, -3, -4], [3, 4, -5], [-3, 1]]","[1, 3, -4]",3,"[3, 1, 2]",3
"[[1, -2], [-1], [1, 3], [-1, 2], [-2, 3], [1, -3]]",unsatisfiable.,4,unsatisfiable.,4
"[[1, -2, 3], [-1, -3, 4], [-4, -5, -1]]",skiped,2,"[-1, -2]",2
"[[1, 2], [-1, -3], [1, 3], [-2, 3]]","[1, -2, -3]",4,"[1, -3, -2]",4
"[[-1, 3], [1, -2, 3], [-2], [-1, 2], [2, -3], [3, 1], [1, -3], [-1, 1], [2]]",unsatisfiable.,0,unsatisfiable.,0
"[[-1, 2], [-1, -3], [1, -2], [2], [1, 2, -3], [-2, 3], [1, 3], [-1, -2], [3]]",unsatisfiable.,4,unsatisfiable.,6
"[[1, -2, 3], [-1, 2, -3], [1, -4], [-3, -5], [2, 4], [-2, -4, 5]]","[1, 4, -3, 5]",4,"[2, 1, 5, -3]",4
"[[1, -2, 3], [-1, 2], [3, -3, 4]]",unsatisfiable.,0,unsatisfiable.,0
"[[1, 2, 3], [1, -3], [-1, 2], [-2]]",unsatisfiable.,6,unsatisfiable.,8
"[[1, 2, 3], [-1, -2, 4], [3, -4, 5]]","[-1, -4, 3]",3,"[1, 4, 3]",3
"[[-1, 2, -3], [1, 3, 4], [-2, -4, 5]]","[-3, -4, 1]",3,"[1, 2, -4]",3
"[[1, 2, 3], [-1, -2], [-1, 3], [1, -2]]",skiped,2,"[1, -2, 3]",3
"[[-1, 2, -3], [1, -2], [2], [1, 3], [-1, -2], [-3, 2], [2, -1], [1, 2], [-1, 3]]",unsatisfiable.,4,unsatisfiable.,4
"[[2], [-1, -2, 3], [1, -3], [2, -3]]","[3, 2, 1]",4,"[2, 1, 3]",3
"[[1, 2, 3], [-1, -2], [3, -3], [4, -4], [5, -5]]",unsatisfiable.,0,unsatisfiable.,0
"[[-1, 2], [-1, -3], [2, 3], [1], [1, -2], [-2], [3, 1], [2, -3], [-1, -2], [2, 1], [-3, 2]]",unsatisfiable.,2,unsatisfiable.,4
"[[1, 2], [-1], [1, 3], [2, -3]]","[3, 2, -1]",5,"[-1, 2, 3]",4
"[[-1, 2], [-1, -2, 3], [1], [2, 3], [3, -1], [-2, -3]]",unsatisfiable.,4,unsatisfiable.,8
"[[1, -2, 3], [-1, 2], [1, 3], [-2, -3]]","[2, -3, 1]",4,"[1, 2, -3]",3
"[[-1, 2], [1, -2], [3, -3, 4], [-4, -5], [2, 5], [-2, 1]]",unsatisfiable.,0,unsatisfiable.,0
"[[1, -2], [-1, 2], [3, -3], [4, 5]]",unsatisfiable.,0,unsatisfiable.,0
"[[-1, 3], [1, -2, 3], [-2], [-1, 2], [2, -3], [3, 1]]",unsatisfiable.,2,unsatisfiable.,6
"[[1, 2], [-1, -2], [3], [-1, 2], [-3, -1], [1, -3], [2, -3], [-2, 1], [1, 2], [-1, -3], [-2, 3]]",unsatisfiable.,2,unsatisfiable.,6
"[[1, -3], [-1, 2], [-2, 3], [1, 2], [-1, -3], [2, -1]]",unsatisfiable.,6,unsatisfiable.,10
"[[1, -3], [-1, 2], [-2, 3], [1, 2]]","[1, 2, 3]",6,"[2, 3, 1]",3
"[[1, -2], [2, 1], [3, 4], [-3, -4, 5]]","[-4, 1, 3]",3,"[3, 1, -4]",3
"[[1, 2, 3], [-1, -2], [3, -3], [4, -4], [5, -5], [-1, 2, -5]]",unsatisfiable.,0,unsatisfiable.,0
"[[-1, 2, 3], [1, -3], [-2, -3, 4]]",skiped,1,"[-3, -1]",2
"[[1, 2], [1, -3], [-1, -2], [2, -3]]",skiped,2,"[2, -1, -3]",4
"[[1, 2], [-1], [1, 3], [2, -3], [-2, 1], [-1, -2], [3, -1], [-2, 3], [1, -2], [2, 1], [-1, 1]]",unsatisfiable.,0,unsatisfiable.,0
"[[1, 3], [-1, -3], [1, -2], [2, -3]]","[-3, 1]",2,"[-3, 1]",2
"[[-1, 2, 3], [-2, -3], [1, -3, 4]]",skiped,1,"[-3, -1]",2
"[[-1, 2], [-1, -3], [1, -2], [2, 3]]","[-2, 3, -1]",4,"[2, 1, -3]",3
"[[1, 2, 3, 4], [-1, -2, -3, -4]]","[1, 2, -3]",3,"[1, -2]",2
"[[-1, 2], [-1, -3], [2, 3], [1]]",skiped,3,"[1, 2, -3]",4
"[[-1, 2], [-2, -3], [1, -4], [4, -5]]",skiped,7,"[1, 2, -3, 4]",4
"[[1, 3], [-1, 2], [-2, 3], [1, -2], [-1, -3], [2, 1], [3, -2], [1, 2], [-2, -1]]",unsatisfiable.,6,unsatisfiable.,6
"[[1, -2, 3], [2], [-1, 2], [1, -3], [3, -1], [-2, -3], [2, 3], [-1, 3], [1]]",unsatisfiable.,4,unsatisfiable.,6
"[[1, -2, 3], [-1, 2, -3]]",skiped,1,"[1, 2]",2
"[[1, 2, 3], [-1, 2, -3], [1, -4, 5]]","[-1, -4, 3]",3,"[1, 2]",2
"[[1, -2], [2, 3], [-2, -3, 4]]","[3, 4, 1]",3,"[-2, 3]",2
"[[-1, -2], [1, 2, 3], [2], [-1, 3]]","[3, 2, -1]",3,"[-1, 2]",2
"[[-1, 2], [-2, 3], [1, -3, 4], [-4, 5]]",skiped,4,"[4, 2, 3, 5]",4
"[[1, 2], [-1, 3], [-2, -3], [-1, 2], [1, -3]]","[-1, 2, -3]",6,"[-1, 2, -3]",8
"[[-1, 2], [1, -2], [3, -3, 4], [-4, -5]]",unsatisfiable.,0,unsatisfiable.,0
"[[-1, 2, 3], [1, -2], [2, -3, -4], [3, 4, -5]]","[-2, 3, -4]",3,"[3, 2, 1]",3
"[[1], [-1, 2], [3], [1, -2, -3]]","[3, 2, 1]",4,"[1, 2, 3]",3
"[[-1, -2], [1, 2, 3], [-1, 3], [2]]","[3, 2, -1]",3,"[-1, 2]",2
"[[1, 2, 3], [-1, -2, -3], [4, -4, 5], [-5]]",unsatisfiable.,0,unsatisfiable.,0
"[[1, 2, 3], [-1, 4], [2, -3, 5], [-2, 3], [-4, 5], [1, -5]]",skiped,6,"[1, 4, 5, -2]",4
"[[1, 2], [-1, -2, 3], [2, -3, 4], [3, 4, -5]]","[-5, 3, -2, 4, 1]",5,"[2, 3]",2
"[[1, -2, 3], [-1, -3], [2, 3], [1, -2]]","[-2, 3, -1]",3,"[-2, 3, -1]",3
"[[-1, -2], [2, 3], [-2, -3], [1, 3]]","[3, -2]",3,"[-2, 3]",2
"[[1, 2, -3], [-1, -2, 3]]","[3, 1]",2,"[1, -2]",2
"[[1, 2], [-1, 3], [2, -3, 4], [-4, -5]]",skiped,4,"[1, 3, 4, -5]",4
"[[1, -2], [-1, 2, 3], [1, -3], [2]]","[-3, 2, 1]",3,"[1, 2]",2
"[[1, -2, 3], [-1, -2, -3], [1, 3], [-2], [2, -3], [-1, 3], [1], [-1, 2], [3]]",unsatisfiable.,2,unsatisfiable.,4
"[[-1, 2], [1, -2, 3], [3, 4, -5]]",skiped,2,"[1, 2, 3]",3
"[[1, -2], [2, -1], [3, -3, 4], [3, -4, 5], [-1, -2, 5]]",unsatisfiable.,0,unsatisfiable.,0
"[[1, 2], [-1, -2], [3], [-1, 2]]",skiped,3,"[-1, 2, 3]",3
"[[1, -2, 3], [-1, 2, 4], [3, -4, 5]]","[3, -1]",2,"[3, -1]",2
"[[-1, 2], [1, -2], [3, 4], [-3, -4]]","[-1, 3, -2, -4]",5,"[1, 3, 2, -4]",4
"[[1, 2, 3], [-1, -2], [2, -3], [1, -3]]",skiped,2,"[2, -1, -3]",4
"[[1, 3], [-1, 2, -3], [-2, 3], [1, -2]]",skiped,2,"[-2, 1, -3]",3
"[[1, -2, 3], [-1, 2, 4], [5, -5]]",unsatisfiable.,0,unsatisfiable.,0
"[[1, -3], [2, 3], [-1], [1, -2], [2, -1], [3, -2]]",unsatisfiable.,4,unsatisfiable.,8
"[[-1, 2], [1, 3], [-2, -3], [-1, -3], [1], [-2], [2, 3], [-1, 2], [1, -2], [2, -1], [-2, -1]]",unsatisfiable.,2,unsatisfiable.,4
"[[-1, 2], [1, -2], [3, -3]]",unsatisfiable.,0,unsatisfiable.,0
"[[1, -2, 3], [-1, 2, -3, 4], [2, 5], [-5, 4], [3, -4]]",skiped,3,"[4, 2, 3]",3
"[[1, 3], [-1, 2], [-2, 3], [1, -2], [-1, -3], [2, 1]]",unsatisfiable.,4,unsatisfiable.,8
"[[1, -2], [1, 2], [-1, 3], [-2], [1, -3], [-1, 2]]",unsatisfiable.,2,unsatisfiable.,6
"[[-1, 2, 3], [1, -3], [-2, -3, 4], [2, 5], [-4, -2]]",skiped,4,"[2, -3, -4]",3
"[[1, -2, 3], [-1, 2], [3, -3, 4], [4, -5]]",unsatisfiable.,0,unsatisfiable.,0
"[[1, -3], [-1, 2], [2, 3], [-1, -2]]","[-3, 2, -1]",6,"[2, -1, -3]",4
"[[1, -2, 3], [-1, 2, -3], [1, -4], [-3, -5], [2, 4]]","[4, -5, -2, 1, -3]",5,"[1, 2, -3]",3
"[[1, -2, 3], [-1, 2, -3, 4], [1, -5]]","[4, -5, 3]",3,"[1, 2]",2
"[[1, 2, 3], [-1, -2], [-1, 3], [1, -3], [2, -1], [-2, -3], [1, 2], [3, 1], [-1, -3]]",unsatisfiable.,2,unsatisfiable.,6
"[[-1, -2], [1, -3], [2], [1, 2]]",skiped,3,"[-1, 2, -3]",6
"[[-1, 2, 3], [1, -3], [1, -2], [2], [-2, -3], [3, 1], [-1, 1], [1, 3], [2, -1], [3, -2], [1, 1]]",unsatisfiable.,0,unsatisfiable.,0
"[[1, -2, 3], [-3, -4, 5], [1, -5]]",skiped,1,"[1, -3]",2
"[[1, -2], [-1], [1, 3], [-1, 2]]",skiped,3,"[-1, -2, 3]",4
"[[-1, 2, -3], [1, -2], [2], [1, 3]]",skiped,2,"[1, 2]",2
"[[1, -2], [-1, 2, 3], [-1, -2], [1, 3]]","[-2, 3]",3,"[1, -2, 3]",4
"[[-1, 2, 3], [1, -3], [1, 2], [-2, 3]]","[1, 3]",2,"[1, 2, 3]",3
"[[1, -2], [-1, 3], [-2, -3], [1]]","[-2, 1, 3]",6,"[1, 3, -2]",3
"[[1, -2, 3], [2], [-1, 2], [-2, -3]]","[2, -3, 1]",4,"[2, -3, 1]",4
"[[-1, 2, -3], [1, -2, 3], [1], [2, 3]]",skiped,2,"[2, 1]",2
"[[1, 2, -3], [1, -2, 3], [-1, -3, 4], [2, -4], [3, 5]]",skiped,4,"[3, 1, 4, 2]",4
"[[1, -3], [-1, 2], [-2, 3], [1, 2], [-1, -3], [2, -1], [-3, -2], [1, -2], [-2, 1]]",unsatisfiable.,2,unsatisfiable.,6
"[[1, 2], [-1, -2, 3], [2, -3, 4], [4, -5], [1, -5], [-2, 4], [-1, 3]]","[-5, 1, 4, 3]",4,"[1, -2, 3, 4]",4
"[[1, 2, 3], [-1, 2, -3], [1, -4, 5], [2, -5], [-4, 3]]",skiped,4,"[1, 3, 2]",3
"[[1, 2], [-1], [1, -3], [2, -3]]","[-1, 2, -3]",5,"[-1, 2, -3]",4
"[[1, -2], [2, 3], [-1, 2], [-1, -3]]","[-2, 3, -1]",4,"[2, 1, -3]",3
"[[1, 2, -3], [-1, 2], [1, -2], [-2], [3, -1], [-3]]",skiped,3,"[-1, -2, -3]",6
"[[1, -3], [2, -3], [-1, 2], [-1], [1, 2], [3, -1]]","[-1, 2, -3]",5,"[-1, 2, -3]",3
"[[1, -2], [2, -1], [3, -3, 4]]",unsatisfiable.,0,unsatisfiable.,0
"[[-1, 2], [-1, -2, 3], [1, 3], [2]]",skiped,2,"[-1, 3, 2]",3
"[[1, 2, -3], [-1, -3], [1, -2], [2]]",skiped,2,"[1, -3, 2]",3
"[[1,2],[-1,3],[-2,-3],[-1,2],[1,-3]]","[-1, 2, -3]",6,"[-1, 2, -3]",8
"[[-1, 2], [1, -2, 3], [-3, 4], [2, -4, 5], [-1, -5]]",skiped,4,"[-1, 3, 4, 2]",4
"[[-1, 2], [1, 3], [-2, -3], [-1, -3], [1], [-2], [2, 3], [-1, 2], [1, -2]]",unsatisfiable.,2,unsatisfiable.,4
"[[-1, -2], [1, 3], [-2, 3], [-1, 2]]","[3, 2, -1]",3,"[-2, -1, 3]",4
"[[-1, 2], [1, -2, 3], [-3, 4], [2, -4, 5], [-1, -5], [3, -2]]","[-1, 3, 2, 4]",5,"[2, 3, -1, 4]",4
"[[-1, 2, 3], [-2, -3], [1, -3, 4], [-1, -4, 5]]",skiped,3,"[-3, -1]",2
"[[1, 2, 3], [-1, 2, -3]]","[-1, 3]",2,"[1, 2]",2
"[[1, 2, 3], [1, -3], [-1, -2], [-2], [3, -1], [2, -3]]",unsatisfiable.,6,unsatisfiable.,8
"[[1, 2, 3], [1, -3], [-1, -2], [-2], [3, -1], [2, -3], [1, 2], [-1, 3], [2, 1]]",unsatisfiable.,4,unsatisfiable.,8
"[[1, -2, 3], [-1, 2], [3, -3, 4], [4, -5], [1, 4], [-2, 5]]",unsatisfiable.,0,unsatisfiable.,0
"[[1, 2], [-1], [1, 3], [2, -3], [-2, 1], [-1, -2], [3, -1], [-2, 3], [1, -2]]",unsatisfiable.,4,unsatisfiable.,4
"[[1, 2, 3], [-1, -2, 4], [3, -4]]","[-1, -4, 3]",3,"[1, 4, 3]",3
"[[-1, 2], [1, -2], [1, -3], [2, -3]]",skiped,2,"[2, 1]",2
"[[-1, 2], [-1, -3], [2, 3], [1], [1, -2], [-2], [3, 1], [2, -3], [-1, -2]]",unsatisfiable.,2,unsatisfiable.,4
"[[1, -2, 3], [-1, 3], [-1, 2, 3], [1, -2]]",skiped,2,"[1, 3]",2
"[[1, -2], [2, -1], [3, 4, -5]]",skiped,2,"[2, 1, 3]",3
"[[-1, 2, 3], [1, -2, -3]]","[1, 3]",2,"[1, 2]",2
"[[-1, 2, 3], [1, -3], [1, -2], [2], [-2, -3], [3, 1]]",skiped,4,"[2, -3, 1]",3
"[[1, 2, 3], [-1, -2], [3, -3]]",unsatisfiable.,0,unsatisfiable.,0
"[[1, -2], [2, -1], [-1, -2]]","[-2, -1]",3,"[-2, -1]",2
"[[1, 2], [1, -2, 3], [-1, -2], [1, 3]]","[-2, 1]",2,"[1, -2]",2
"[[-1], [2, -3], [-1, 2], [1, -2, 3]]","[-3, -2, -1]",4,"[2, -1, 3]",4
"[[-1, 2, -3], [-1, -2, 3], [1, -3], [1, 2]]",skiped,2,"[1, 2, 3]",3
"[[-1, 2, 3], [1, -3], [-1, -2], [2], [1, -2], [3], [-2, -3], [1, 3], [-1, 1], [-3, 2], [2, -1]]",unsatisfiable.,0,unsatisfiable.,0
"[[1, 2, -3], [-1, 3], [1, -2], [2], [-1, -2], [3], [2, -3], [-3, 1], [1, 2], [2, 1], [-2, -1]]",unsatisfiable.,4,unsatisfiable.,6
"[[1, -1], [2, -2], [3, 4], [-3, -4, 5]]",unsatisfiable.,0,unsatisfiable.,0
"[[1, -2, 3], [-1, 2, -3, 4], [1, -5], [-3, -5], [2, -4]]","[1, -3, -4]",3,"[1, 2, -3]",3
"[[1, 2, -3], [-1, 3], [2, -2, 4]]",unsatisfiable.,0,unsatisfiable.,0
"[[-1, 3], [1, -2, 3], [-2], [-1, 2]]",skiped,2,"[-1, -2]",2
"[[-1, -2], [1, -3], [2], [1, 2], [3], [-2, -3]]",unsatisfiable.,2,unsatisfiable.,4
"[[1, -2, 3], [-1, -2, -3], [1, 3], [-2]]","[1, -2]",3,"[1, -2]",2
"[[1, 3], [-1, 2], [-2, 3], [1, -2]]","[1, 2, 3]",3,"[-2, -1, 3]",4
"[[-1, 2, 3], [1, -3], [-1, -2], [2]]",skiped,3,"[-1, 2, -3]",3
"[[1, 2], [1, -2], [-1, 2], [-1, -2]]",unsatisfiable.,2,unsatisfiable.,6
"[[1, 2, -3], [-1, 3], [1, -2], [2], [-1, -2], [3]]",unsatisfiable.,2,unsatisfiable.,6
"[[1, -1], [2, -2], [3, -3], [4, -4]]",unsatisfiable.,0,unsatisfiable.,0
"[[1, -2, 3], [-1, 2, -3, 4]]",skiped,2,"[1, 2]",2
"[[-1, 2, 3], [1, -3], [-1, -2], [2], [1, -2], [3]]",unsatisfiable.,2,unsatisfiable.,4
"[[-1, 2, 3], [1, -3], [-2, -3, 4], [2, 5]]",skiped,2,"[2, -3]",2
"[[1, 3], [-2, 3], [-1, -2], [1, 2]]",skiped,2,"[1, -2]",2
"[[1, 3], [-1, -3], [1, -2], [-2, 3]]","[3, -2, -1]",4,"[3, -1, -2]",4
"[[1, -2], [-1, -3], [2, 3], [-1, 2]]","[-2, 3, -1]",3,"[2, 1, -3]",3
"[[-1, -2], [1, 3], [-2, -3], [-1, 2], [1, -2], [-3], [2, 3], [-1, 1], [1, -3], [2, -1], [-3, 1]]",unsatisfiable.,0,unsatisfiable.,0
"[[-1], [2, -3], [1, -2], [-1, 2, 3]]",skiped,2,"[-2, -3, -1]",7
"[[-1, 2, -3], [1, 2], [-1, -3], [1, -2]]","[-3, 1]",2,"[1, -3]",2
"[[1, 2, 3], [1, -3], [-1, -2], [-2]]","[-2, 1]",2,"[1, -2]",2
"[[1, 2, -3], [-1, 3], [1, -2], [2]]",skiped,2,"[1, 3, 2]",3
"[[1, 2], [-1, -2], [3], [-1, 2], [-3, -1]]","[2, 3, -1]",3,"[-1, 2, 3]",3
"[[1, -2, 3], [-1, 2, -3, 4], [-4, 5], [3, -5], [-1, -3]]","[4, 2, 3, 5, -1]",5,"[3, -1, -4]",3
"[[1, 2, 3], [1, -2, -3], [2, -3], [-1]]",skiped,3,"[2, -1, -3]",4
"[[1, 3], [-1, 2], [2, -3], [-1, -2], [-2, 1], [1, 2], [3, -1], [-1, -3], [2, 3], [1, -1], [-2, -1]]",unsatisfiable.,0,unsatisfiable.,0
"[[-1, 2], [1, 3], [-2, -3], [-1, -3]]","[-1, -2, 3]",4,"[-1, 3, -2]",3
"[[1, -3], [-1, 2], [2, 3], [-1, -3]]","[-3, 2]",4,"[-3, 2]",2
"[[1, 2, 3], [-1, -2], [-1, 3], [1, -3], [2, -1], [-2, -3], [1, 2], [3, 1], [-1, -3], [2, -2], [1, -1]]",unsatisfiable.,0,unsatisfiable.,0
"[[1, -2, -3], [2], [-1, 3], [1, -3]]",skiped,2,"[1, 3, 2]",3
"[[1, -3], [2, 3], [-1], [1, -2]]",unsatisfiable.,4,unsatisfiable.,6
"[[-1, -2], [1, 3], [-2, 3], [1, -2]]",skiped,2,"[1, -2]",2
"[[-1, 2, 3], [1, -3], [1, -2], [2]]","[-3, 2, 1]",3,"[1, 2]",2
"[[1, -3], [2, -3], [-1, 2], [1, 3], [-1, -2], [2], [-2, 3], [1, -2], [-1], [2, -1], [3, -2]]",unsatisfiable.,2,unsatisfiable.,4
"[[1, 2], [-1, -2, 3], [2, -3, 4], [4, -5], [1, -5]]","[-2, -5, 4, 1]",4,"[1, 2, 3, 4]",4
"[[1], [2, 3], [-1, -2, 3], [1, -3]]","[1, 3]",3,"[3, 1]",2
"[[1, -2, -3], [-1, 2, 4], [3, -4, 5]]","[3, 4, 1]",3,"[3, 1, 2]",3
"[[-1, 2], [1, -2, -3], [1, 3], [2]]","[2, 3, 1]",4,"[1, 2]",2
"[[1, -2, 3], [1, -3], [2], [-1, -2]]",unsatisfiable.,4,unsatisfiable.,6
"[[1, -2, -3], [2], [-1, 3], [1], [-2, 1], [3, -1], [1, 2], [-3, 2], [-1, -2]]",unsatisfiable.,2,unsatisfiable.,4
"[[-1, -2, 3], [1, 2, -3], [1, 3], [-2]]",skiped,5,"[1, -2]",2
"[[1], [2, -3], [-1, 2], [-1, -2, 3]]",skiped,3,"[2, 1, 3]",3
"[[1, -2, 3], [2], [-1, 2], [1, -3], [3, -1], [-2, -3]]",unsatisfiable.,6,unsatisfiable.,6
"[[-1, 2], [-1, -3], [1, -2], [2], [1, 2, -3], [-2, 3], [1, 3], [-1, -2], [3], [2, 1], [-1, 1]]",unsatisfiable.,0,unsatisfiable.,0
"[[-1, 2], [1, 3], [-2], [-1, -3]]","[-2, 3, -1]",4,"[-1, 3, -2]",3
"[[1, -2], [-1, 3], [-2, -3], [1], [-3, 1], [2, -3], [1, 3], [-1, -2], [1, -2], [-1], [2]]",unsatisfiable.,0,unsatisfiable.,0
"[[-1, 2, -3], [1, -2], [2], [1, 3], [-1, -2], [-3, 2], [2, -1], [1, 2], [-1, 3], [2, 1], [-3, 1]]",unsatisfiable.,2,unsatisfiable.,6
"[[-1, -2], [1, 3], [-2, -3], [-1, 2], [1, -2], [-3]]",unsatisfiable.,4,unsatisfiable.,6
"[[1, 2], [1, -3], [-1, -2], [-2, 3]]","[3, -2, 1]",3,"[-2, 1]",2
"[[1, 2, -3, 4], [-1, 2, -4], [3, -5]]","[4, -2, -1, 3]",4,"[3, 1, 2]",3
"[[1, -2, -3], [2, 3], [1, 2], [-1, 3]]",skiped,3,"[2, 1, 3]",3
"[[1, -2, 3], [2], [-1, 2], [1, -3]]",skiped,4,"[2, 1]",2
"[[1, -2, -3], [2], [-1], [1, 3]]",unsatisfiable.,4,unsatisfiable.,6
"[[-1, 2, 3], [1, -3], [-1, -2], [2], [1, -2], [3], [-2, -3], [1, 3], [-1, 1]]",unsatisfiable.,0,unsatisfiable.,0
"[[-1, 3], [1, -2, 3], [-2], [1, 2]]","[-2, 1, 3]",4,"[1, 3, -2]",3
"[[1, -3], [2, 3], [-1], [1, -2], [2, -1], [3, -2], [-2, 3], [1, 2], [-1, -2]]",unsatisfiable.,2,unsatisfiable.,6
"[[1, 2, 3], [-1, -2], [-1, 3], [1, -3]]",skiped,2,"[1, 3, -2]",3
"[[1, -3, 5], [-1, -3, 4]]","[-4, 1, -3]",3,"[1, -3]",2
"[[1, 2, 3], [-1, -2, 4], [-3, 4, 5], [1, -5], [-2, 3]]","[4, -5, 3]",3,"[1, -2, -3]",3
"[[1, 2], [-1, -2], [3, 4, -5]]","[-2, 4, 1]",3,"[1, -2, 3]",3
"[[1, 2], [-1, 3], [-2], [1, -2], [2, -3], [-1, -2], [3, -1], [1, 3], [-2, 1]]",unsatisfiable.,2,unsatisfiable.,8
"[[-1, -2], [1, -3], [2, 3], [-1, 2]]","[-3, 2, -1]",6,"[2, -1, -3]",4
